   7.2000000e+01
   1.7800000e+02
   1.2200000e+02
   3.6000000e+01
   1.4000000e+01
   1.1000000e+01
   1.4000000e+01
   3.2000000e+01
   1.1000000e+02
   1.8800000e+02
   8.0000000e+01
   2.3000000e+01
   1.2000000e+01
   1.0000000e+01
   1.5000000e+01
   4.5000000e+01
   1.5100000e+02
   1.6900000e+02
   5.3000000e+01
   1.8000000e+01
   1.2000000e+01
   9.0000000e+00
   1.7000000e+01
   6.0000000e+01
   1.8200000e+02
   1.4300000e+02
   3.8000000e+01
   1.3000000e+01
   9.0000000e+00
   9.0000000e+00
   1.9000000e+01
   7.1000000e+01
   2.0100000e+02
   1.2600000e+02
   3.0000000e+01
   1.2000000e+01
   9.0000000e+00
   8.0000000e+00
   1.8000000e+01
   7.0000000e+01
   2.1100000e+02
   1.3100000e+02
   3.0000000e+01
   1.1000000e+01
   8.0000000e+00
   8.0000000e+00
   1.3000000e+01
   4.7000000e+01
   1.9200000e+02
   1.7900000e+02
   4.0000000e+01
   1.3000000e+01
   9.0000000e+00
   7.0000000e+00
   7.0000000e+00
   1.4000000e+01
   7.1000000e+01
   2.5500000e+02
   1.3100000e+02
   2.4000000e+01
   9.0000000e+00
   7.0000000e+00
   7.0000000e+00
   5.0000000e+00
   4.0000000e+00
   3.0000000e+00
   8.0000000e+00
   2.0000000e+01
   1.3000000e+01
   1.0000000e+01
   1.3000000e+01
   2.0000000e+01
   3.1000000e+01
   4.2000000e+01
   5.7000000e+01
   6.8000000e+01
   7.0000000e+01
   5.9000000e+01
   4.8000000e+01
   4.6000000e+01
   5.1000000e+01
   6.1000000e+01
   7.0000000e+01
   6.7000000e+01
   5.7000000e+01
   4.8000000e+01
   4.7000000e+01
   5.3000000e+01
   6.5000000e+01
   7.2000000e+01
   6.7000000e+01
   5.7000000e+01
   4.7000000e+01
   4.7000000e+01
   5.4000000e+01
   6.7000000e+01
   7.3000000e+01
   6.6000000e+01
   5.4000000e+01
   4.8000000e+01
